0 2
0 10
0 13
0 20
0 266
0 155
1 6
1 39
1 208
1 334
1 488
1 170
2 0
2 3
2 270
3 182
3 314
3 435
3 388
4 22
4 43
4 50
4 144
4 341
5 15
5 33
5 59
6 23
6 44
6 56
6 78
6 103
6 183
7 48
7 60
8 5
8 9
8 23
8 33
8 48
8 319
8 476
9 32
9 41
9 237
9 292
10 18
10 106
11 2
11 35
11 128
11 164
11 284
11 472
12 431
13 21
13 46
13 106
13 287
14 15
14 155
15 27
15 37
15 226
15 47
16 3
16 22
16 35
16 42
16 43
16 114
16 216
16 412
17 149
17 235
17 374
18 9
18 17
18 24
18 53
18 59
18 427
19 7
19 15
19 149
19 396
19 434
19 485
19 439
19 55
20 229
20 460
21 20
21 326
21 328
21 364
21 488
21 157
22 9
22 15
22 28
22 45
22 133
22 419
22 474
23 3
23 224
23 440
23 338
24 17
24 287
24 442
24 440
25 6
25 59
25 488
26 46
26 303
26 388
27 48
27 62
28 2
28 124
28 372
28 465
29 9
29 39
29 66
29 185
29 235
29 357
29 123
29 25
30 14
30 84
31 17
31 40
31 41
31 57
31 60
31 361
31 206
32 357
32 465
32 197
33 4
33 58
33 96
33 345
33 429
34 4
34 12
34 14
34 18
34 46
34 121
35 2
35 31
35 52
35 61
35 389
35 495
35 485
36 250
36 311
36 362
36 263
37 36
37 49
37 95
37 130
37 233
37 4
37 275
38 19
38 79
38 125
38 279
38 226
39 8
39 19
40 36
40 337
41 1
41 21
41 26
41 46
41 435
42 33
42 36
42 317
43 21
43 307
43 393
43 374
44 7
44 20
44 27
44 80
44 302
45 27
45 35
45 47
45 61
45 442
46 5
46 58
46 106
46 393
46 386
47 10
47 18
47 54
47 140
47 339
47 477
47 194
47 324
48 14
48 43
48 187
48 358
48 391
49 5
49 183
49 337
50 29
50 34
50 41
50 301
50 312
50 25
51 8
51 21
51 42
51 45
51 49
52 32
52 236
52 254
53 27
53 40
53 43
53 102
53 316
53 473
54 17
54 25
54 53
54 59
54 466
54 445
54 380
55 13
55 51
55 83
55 134
55 274
55 463
55 127
56 45
56 328
56 78
57 328
57 475
57 38
58 28
58 40
58 60
58 336
58 349
59 54
59 83
59 456
59 455
59 449
60 19
60 46
61 19
61 64
61 109
61 175
61 395
61 465
61 126
61 482
62 0
62 23
62 25
62 394
62 478
63 101
63 109
63 124
64 27
64 67
64 69
64 110
64 120
64 162
64 65
65 114
65 126
65 440
65 444
65 98
66 104
66 451
66 469
67 81
67 92
67 106
67 173
67 370
68 70
68 75
68 79
68 83
68 111
68 217
68 135
69 83
69 109
69 366
69 470
70 93
70 97
70 373
71 57
71 216
72 73
72 81
72 114
73 41
73 97
73 116
73 120
73 130
73 201
73 210
73 300
73 494
74 67
74 78
74 84
74 98
74 115
74 399
75 122
75 124
75 189
75 267
75 409
76 138
76 338
76 364
76 279
77 99
77 115
77 171
77 304
77 457
78 109
78 110
78 120
78 240
79 64
79 69
79 98
79 109
79 122
79 286
79 110
79 97
80 77
80 99
80 302
80 340
80 232
80 29
80 224
81 39
81 90
81 457
81 487
81 488
81 403
82 79
82 97
82 333
82 477
82 493
82 276
82 379
83 65
83 125
83 135
83 219
83 189
83 499
84 35
84 82
84 123
84 327
84 363
84 471
84 135
85 90
85 97
85 136
85 149
85 208
86 104
86 123
86 130
87 82
87 96
87 189
87 222
87 310
88 79
88 81
88 97
88 104
88 239
88 466
89 12
90 21
90 59
90 70
90 75
90 83
90 96
90 109
90 451
91 307
91 377
91 297
92 98
92 111
92 315
93 78
93 271
93 142
94 73
94 74
95 59
95 66
95 98
95 400
95 35
96 29
96 77
96 374
97 121
97 411
97 415
97 48
98 65
98 89
98 94
98 110
98 213
98 97
99 102
99 304
99 498
100 1
100 79
100 89
100 200
100 369
101 76
101 109
101 201
101 366
101 78
102 64
102 418
103 78
103 156
104 76
104 108
104 122
104 158
104 446
104 342
104 351
105 215
106 39
106 98
106 116
106 118
106 142
106 164
106 296
106 310
106 318
106 378
107 62
107 68
107 80
107 109
108 58
108 80
108 86
108 475
108 467
109 89
109 91
109 116
109 417
109 276
109 442
109 259
110 69
110 81
110 143
110 261
110 313
110 338
111 6
111 119
112 95
112 106
112 124
112 151
112 178
112 348
112 229
112 70
112 3
113 103
113 108
113 197
114 79
114 82
114 94
114 105
114 110
114 207
114 226
114 12
115 107
115 111
115 153
115 347
115 32
116 79
116 98
116 395
117 72
117 99
117 113
117 121
117 300
117 322
117 492
117 420
117 301
117 34
118 66
118 69
118 204
119 36
119 64
119 100
119 114
120 85
120 95
120 117
120 206
121 88
121 440
121 142
121 442
122 83
122 97
122 108
122 120
122 128
122 246
122 250
122 468
122 135
123 238
123 487
124 77
124 90
124 104
124 455
125 76
125 94
125 106
125 123
125 154
125 83
128 116
128 184
128 269
128 497
129 408
129 459
130 0
130 36
130 139
130 159
130 180
130 194
130 22
131 135
131 159
131 166
131 189
131 201
131 493
132 153
132 166
132 348
133 82
133 131
133 213
133 422
134 159
134 167
134 414
134 380
134 382
135 40
135 156
135 126
135 476
135 497
135 71
135 67
135 258
136 96
136 161
136 328
136 389
136 400
137 4
137 56
137 144
137 179
137 126
137 289
137 310
137 33
138 95
138 175
138 304
138 473
139 128
139 137
139 163
139 144
140 137
140 177
140 179
140 259
140 300
140 343
140 435
141 54
141 137
141 146
141 165
141 168
141 244
141 332
141 375
141 22
142 72
142 140
142 150
142 159
142 249
142 352
142 442
143 48
143 171
144 69
144 128
144 155
144 160
145 27
145 134
145 155
145 172
145 174
145 443
145 455
146 150
146 165
146 177
146 271
146 445
146 475
146 216
146 107
147 153
147 126
147 189
147 260
147 316
148 24
148 136
148 140
148 151
148 152
148 225
148 251
148 375
148 40
149 133
149 141
149 153
149 425
150 130
150 151
150 153
150 327
150 372
150 222
151 56
151 141
151 175
151 279
151 286
151 437
151 471
151 111
151 283
152 139
152 170
152 215
152 399
153 137
153 148
153 426
153 488
153 234
153 477
153 259
154 65
154 134
154 142
154 207
155 130
155 146
155 175
155 179
156 154
156 158
156 196
156 370
156 385
157 88
157 106
157 124
157 207
157 262
157 355
157 393
157 122
158 33
158 37
158 48
158 65
158 104
158 171
158 188
158 341
159 37
159 66
159 135
159 142
159 173
159 424
160 81
160 162
160 180
160 278
160 339
161 147
161 127
161 219
161 205
161 108
161 475
162 167
162 177
162 216
163 174
163 181
163 193
163 406
163 492
163 493
164 435
165 72
165 133
165 138
165 140
165 179
165 181
165 206
166 133
166 369
167 138
167 160
167 161
167 184
167 242
167 449
168 132
168 146
168 182
168 195
168 247
168 327
169 141
169 174
169 319
170 238
170 315
171 102
171 132
171 144
171 147
171 154
171 173
171 174
171 127
171 238
171 405
172 152
172 293
172 52
173 136
173 154
173 163
173 167
173 177
173 213
173 10
174 135
174 153
174 357
174 142
174 57
175 52
175 147
175 159
175 302
175 305
176 144
176 149
176 179
176 373
177 144
177 152
177 163
177 173
177 186
177 346
178 129
179 55
179 83
179 159
179 160
179 173
179 156
179 328
180 167
180 127
180 442
181 121
181 267
181 385
181 107
181 399
182 139
182 263
182 469
183 149
183 390
183 423
183 107
184 72
184 111
184 138
184 156
184 165
184 167
184 332
184 446
185 138
185 140
185 142
185 160
185 449
186 146
186 460
186 220
187 93
187 135
187 143
187 246
187 401
188 129
188 136
188 187
188 282
188 324
126 158
126 127
126 285
126 460
126 381
126 296
127 199
127 136
189 45
189 50
189 216
189 273
189 290
189 305
189 345
189 145
189 298
190 194
190 202
190 204
190 224
190 225
190 299
191 85
191 187
191 215
191 441
191 390
192 193
192 198
192 384
193 101
193 355
193 40
194 218
194 470
194 496
194 142
194 1
195 23
195 227
195 305
195 446
196 162
196 204
196 232
196 289
196 336
196 355
197 71
197 113
197 153
197 195
197 200
197 230
197 231
197 249
197 460
198 204
198 239
198 260
198 371
199 123
199 153
199 210
199 216
199 226
199 248
199 270
199 135
200 172
200 225
201 17
201 114
201 205
201 208
201 239
201 286
201 417
202 81
202 87
202 129
202 223
202 233
202 328
202 398
202 379
202 473
202 452
202 67
203 0
203 97
203 176
203 191
203 234
203 235
203 237
203 239
203 292
203 491
204 121
204 189
204 210
204 217
204 221
204 261
204 374
204 185
204 343
204 168
205 63
205 118
205 261
205 462
206 135
206 139
206 192
206 205
206 207
206 227
206 229
206 240
206 241
206 435
206 356
207 191
207 197
207 224
207 246
207 477
207 492
208 218
208 224
208 276
208 333
209 5
209 141
209 193
209 212
209 468
209 167
210 230
210 448
210 410
211 73
211 154
211 198
211 488
211 12
212 208
213 215
213 219
213 238
214 205
214 216
214 250
214 336
215 69
215 96
215 113
215 190
215 202
215 231
215 340
216 235
216 260
216 430
216 16
216 305
216 210
216 424
217 191
217 199
217 211
217 235
218 210
218 214
218 232
218 251
218 436
219 227
220 83
220 203
220 223
220 181
220 65
220 402
221 218
221 239
222 197
223 130
223 190
223 198
223 244
223 492
223 310
224 88
224 99
224 187
224 311
224 460
225 197
225 203
225 256
225 266
226 29
226 211
226 233
226 246
226 283
226 331
226 282
227 173
228 205
228 206
228 207
228 209
228 211
228 251
228 252
228 413
229 190
229 220
229 236
230 226
230 250
230 307
230 254
230 398
231 129
231 141
231 236
231 240
231 273
232 4
232 96
232 194
232 246
232 325
233 71
233 75
233 193
233 238
233 336
234 232
234 256
234 307
234 326
234 73
234 318
235 192
235 195
235 203
235 243
235 286
235 294
235 313
236 196
236 217
236 243
236 279
236 471
236 194
236 127
237 380
238 109
238 141
238 207
238 211
238 228
238 240
239 193
239 201
239 204
239 206
239 240
239 353
239 270
239 442
240 160
240 202
240 216
240 396
240 482
240 113
241 75
241 208
241 214
241 235
241 266
242 180
242 201
242 443
242 124
243 210
243 212
243 235
244 192
244 196
244 203
245 140
246 233
246 240
246 249
247 26
247 223
247 243
247 423
247 471
248 204
248 216
248 220
248 235
248 390
248 468
248 417
248 246
249 23
249 83
249 88
249 217
249 218
249 234
249 264
249 427
249 465
250 5
250 86
250 193
250 202
250 204
250 223
250 237
250 248
250 272
250 9
250 128
251 231
251 238
251 248
251 373
251 435
256 268
256 277
256 280
257 111
257 470
258 79
258 99
258 146
258 256
258 272
258 363
258 308
259 125
259 257
259 271
259 425
259 467
259 311
260 6
260 278
260 295
260 306
260 408
260 252
260 204
261 211
261 273
261 304
261 59
262 276
262 279
262 292
263 256
263 259
263 271
263 278
263 297
263 323
263 419
263 454
264 125
264 206
264 209
264 259
264 267
264 280
264 283
264 455
264 231
265 217
265 276
265 295
266 123
266 275
266 279
267 149
267 276
267 161
268 230
268 265
268 274
268 283
268 308
268 355
269 259
269 263
269 270
269 273
269 379
270 110
270 242
270 265
270 294
270 295
270 300
270 446
271 282
271 284
271 482
272 30
272 57
272 308
272 311
272 312
272 314
272 452
272 392
273 286
273 373
274 42
274 204
274 283
274 63
274 229
274 169
275 132
275 137
275 351
276 80
276 196
276 305
276 451
277 275
277 304
277 252
277 31
278 294
279 143
279 214
280 149
280 271
280 301
280 312
280 255
280 426
281 33
281 97
281 134
281 284
281 401
281 451
281 496
282 261
282 278
282 280
282 286
282 334
282 150
282 75
283 94
283 305
283 360
283 440
283 79
284 170
284 338
285 256
285 266
285 475
285 112
286 32
286 61
286 262
286 281
286 294
286 452
287 134
287 192
287 499
287 275
287 4
288 28
288 265
288 278
288 285
288 293
288 401
288 416
288 51
289 125
290 48
290 263
290 273
291 241
291 270
291 273
291 274
291 281
292 289
292 299
292 295
293 282
293 287
294 289
295 8
295 149
295 260
295 276
295 281
295 303
295 98
295 97
296 260
296 274
296 398
296 376
296 310
297 248
297 300
297 309
298 64
298 132
298 232
298 326
298 373
298 289
299 0
299 284
299 255
299 219
299 244
300 145
300 240
300 284
300 289
301 73
301 142
301 247
301 302
301 311
301 347
301 487
301 283
302 263
302 268
302 293
302 252
303 202
303 263
303 295
303 306
304 301
304 313
304 254
304 34
304 20
305 112
305 260
305 265
305 277
305 290
305 303
305 407
305 222
306 269
306 277
306 305
306 313
306 413
306 165
307 54
307 140
307 207
307 274
307 282
307 289
307 291
307 295
307 303
307 312
307 396
307 381
308 9
308 214
308 306
308 312
308 487
309 171
309 293
309 308
309 313
309 330
309 427
309 135
309 107
310 19
310 57
310 216
310 256
310 261
310 295
310 298
311 205
311 206
311 240
311 284
312 36
312 140
312 263
312 280
312 298
312 419
313 198
313 287
313 294
313 300
313 308
313 413
252 21
252 187
252 268
252 277
252 288
252 296
252 254
252 420
252 428
253 274
254 102
254 183
254 286
254 302
254 323
255 152
255 264
255 286
255 298
255 310
255 495
314 109
314 149
314 283
314 323
314 328
314 333
314 335
314 348
314 351
314 357
315 327
315 291
316 10
316 206
316 326
316 453
317 218
317 344
317 377
317 41
318 141
318 225
318 340
318 355
318 361
318 374
318 403
319 327
319 348
319 401
320 340
320 352
320 469
320 152
321 331
321 337
321 348
321 359
321 81
322 25
322 336
322 350
322 359
323 1
323 191
323 259
323 325
323 337
323 342
323 348
323 368
323 407
323 30
324 137
324 327
324 356
324 436
325 116
325 314
325 315
325 317
325 337
325 347
325 362
325 463
325 87
326 310
326 337
326 359
326 476
326 134
327 343
327 352
328 78
328 114
328 341
328 362
328 374
328 395
328 411
329 52
329 342
329 373
330 315
330 334
330 337
330 342
330 349
330 355
330 363
330 50
331 124
331 264
331 368
332 92
332 177
332 357
332 364
332 473
332 489
332 359
332 191
333 98
333 119
333 168
333 350
333 370
333 276
334 110
334 197
334 229
334 321
334 326
334 329
334 419
334 270
335 319
335 330
335 348
335 255
336 224
336 324
336 342
336 360
336 364
336 366
336 370
337 439
337 243
337 98
338 221
338 225
338 334
339 320
339 330
339 361
339 386
339 466
339 53
340 185
340 326
340 349
340 355
340 372
340 471
341 325
341 347
341 367
341 52
342 356
342 371
342 492
342 248
342 442
343 49
343 191
343 279
343 286
343 334
343 136
343 330
343 100
344 109
344 218
344 325
344 334
345 66
345 126
345 306
345 341
345 441
346 325
346 344
346 379
346 383
347 325
347 335
347 355
347 369
347 431
348 79
348 324
348 369
349 79
349 109
349 140
349 146
349 168
349 270
349 317
349 339
349 340
349 365
349 331
349 127
350 36
350 219
350 317
350 327
350 328
350 337
350 344
350 346
350 352
350 361
350 384
350 454
350 166
351 78
351 94
351 337
352 219
352 365
353 324
353 325
353 332
353 370
353 377
353 487
353 102
353 462
354 5
354 15
354 328
354 333
354 366
355 322
355 361
355 365
356 30
356 87
356 477
356 490
357 292
357 314
357 344
357 355
357 403
357 216
358 54
358 324
358 326
358 336
358 347
358 362
359 320
359 325
359 331
359 346
359 369
359 429
359 479
359 55
360 230
360 255
360 327
360 341
360 348
360 349
360 438
360 35
360 154
361 324
361 349
361 353
361 362
361 374
361 218
362 113
362 193
362 196
362 399
362 223
363 324
363 346
363 347
363 386
363 486
364 247
364 286
364 355
364 358
365 315
365 336
365 369
365 159
366 315
366 336
366 353
366 370
366 160
367 212
367 324
367 345
367 356
367 398
367 432
367 249
367 175
368 10
368 16
368 270
368 359
368 477
368 134
368 481
368 460
369 94
369 448
370 76
370 152
370 326
370 345
370 346
370 363
370 364
371 351
371 356
372 298
372 322
372 325
372 332
372 373
372 173
373 32
373 317
373 339
373 369
373 457
373 235
373 27
374 321
374 364
374 402
374 401
375 3
375 319
375 329
375 345
375 348
375 413
384 37
384 69
384 257
384 413
384 435
384 379
384 136
384 479
385 27
385 142
385 395
385 376
386 206
386 367
386 389
386 427
386 431
386 379
386 381
386 449
386 496
386 373
387 91
387 344
387 432
388 25
388 351
388 390
388 397
388 446
389 94
389 388
389 429
389 379
390 60
390 413
390 91
391 379
392 428
392 380
393 114
393 397
393 421
393 328
394 393
394 428
394 435
394 66
395 334
395 401
395 419
395 430
395 142
396 81
396 329
396 400
396 418
396 449
397 348
397 385
397 400
397 425
397 499
397 28
398 389
398 391
398 401
398 457
399 267
399 411
399 417
399 419
400 87
400 212
400 398
400 402
400 383
400 476
401 92
401 389
401 395
401 430
401 242
401 232
402 88
402 391
402 160
403 239
403 412
403 415
403 461
404 144
404 425
404 376
405 255
405 401
405 404
405 419
405 348
406 121
406 364
406 389
406 404
407 150
408 197
408 199
408 275
408 414
408 376
408 377
409 394
409 454
409 441
409 415
410 458
411 428
411 443
411 445
412 19
412 153
412 175
412 416
412 425
412 432
412 81
413 182
413 256
413 22
413 208
413 441
414 188
414 355
414 445
415 0
415 397
416 61
416 246
416 336
416 392
416 422
416 434
416 381
417 141
417 275
417 306
417 404
417 419
417 437
418 69
418 71
418 169
418 350
418 283
419 424
420 380
420 440
420 407
421 181
421 382
422 36
422 141
422 389
422 393
422 427
423 38
423 363
423 408
423 429
423 489
424 337
424 433
424 444
424 321
425 20
425 130
425 302
425 385
425 436
425 382
425 460
425 413
426 22
426 437
426 278
427 402
427 428
427 186
428 20
428 308
428 317
428 411
428 7
429 240
429 384
429 410
429 414
429 424
429 428
430 378
430 382
430 497
430 327
431 112
431 403
431 393
432 177
432 185
432 391
432 434
432 382
433 424
433 426
433 428
433 377
433 448
433 469
433 176
433 26
434 22
434 268
434 367
434 400
434 413
434 425
434 426
434 121
434 63
435 6
435 301
435 388
435 407
435 417
436 381
436 271
437 159
437 240
437 277
437 375
437 398
437 415
437 119
376 107
376 416
376 427
376 379
376 415
377 147
377 168
377 204
377 488
377 52
378 36
378 393
378 398
378 381
379 144
379 152
379 407
379 427
379 430
379 377
379 383
379 487
380 386
380 400
380 422
380 435
380 378
381 120
381 269
381 336
381 430
381 437
382 424
382 435
382 160
383 361
383 427
383 428
383 79
438 446
438 470
438 488
438 491
438 494
438 281
439 53
439 192
439 342
439 346
439 442
439 491
440 171
440 209
440 447
440 490
440 495
440 499
440 169
441 13
441 467
441 471
441 499
441 185
442 103
442 445
443 29
443 89
443 92
443 449
443 51
444 450
444 460
444 480
445 64
445 313
445 407
445 476
446 174
446 205
446 439
446 116
447 117
447 209
447 219
447 238
447 432
447 483
447 485
447 472
447 208
448 66
448 183
448 484
448 367
449 207
449 439
449 458
449 471
449 480
449 494
449 290
450 441
450 125
451 470
451 492
451 35
452 332
452 337
452 456
452 466
452 481
453 189
453 407
453 439
453 454
453 460
453 274
454 77
454 78
454 268
454 438
454 451
454 456
454 457
454 466
455 1
455 53
455 122
455 386
455 451
455 467
455 499
455 291
456 155
456 467
456 496
456 499
456 279
457 15
457 450
457 459
457 485
457 486
458 453
459 29
459 219
459 287
459 453
459 298
460 439
460 448
460 472
460 485
461 480
462 52
462 182
462 225
462 281
462 469
462 481
462 483
462 89
463 450
463 482
463 492
463 16
463 464
464 141
464 420
464 442
464 463
464 494
464 497
465 33
465 72
465 356
465 460
465 461
465 487
466 103
466 410
466 455
467 200
467 279
467 448
467 487
467 491
468 173
468 237
468 276
468 438
468 471
468 472
468 329
469 105
469 116
469 330
469 409
470 7
470 425
470 463
470 481
470 488
470 0
470 235
471 424
471 444
472 51
472 305
472 333
472 405
472 455
472 467
472 486
472 499
472 271
473 198
473 476
473 170
473 412
474 442
474 480
474 385
474 401
475 114
475 276
476 376
476 448
476 449
476 455
476 482
476 493
477 452
477 458
477 178
477 407
478 48
478 450
478 455
478 481
478 451
478 133
479 77
479 98
479 461
479 472
480 22
480 397
480 466
480 473
480 483
480 488
480 449
480 14
481 85
481 226
481 444
481 450
481 475
481 194
482 364
482 458
482 464
482 466
482 498
482 290
482 5
483 219
483 437
483 447
483 450
483 459
483 498
483 452
484 47
484 400
484 439
484 442
484 465
484 485
484 490
484 499
484 40
484 281
485 174
486 23
486 137
486 286
486 334
486 483
487 17
487 118
487 451
487 496
488 466
488 487
488 398
489 97
489 172
489 448
489 460
489 496
490 242
490 495
490 390
491 82
491 179
491 317
491 334
491 410
491 470
491 497
491 260
492 246
492 267
492 330
492 457
492 135
493 458
493 467
493 108
494 350
494 439
494 450
494 473
494 484
495 344
495 446
495 469
495 489
495 492
495 29
496 134
496 146
496 277
496 338
496 452
496 491
496 47
496 133
497 44
497 488
497 256
497 440
498 71
498 472
498 317
499 389
499 395
499 481
499 491
